1	ЗИЛ-431414(Г)	3000	39,2	12	8	6
2	ЗИЛ-431414(Б)	3100	33,6	13	4	5
3	ЗИЛ-433360(Б)	3200	32,3	12	4	4,8
4	ЗИЛ-433362(Б)	3111	32,8	14	4	4,8
5	ЗИЛ-433362 МКЗ-10 (Б)	3250	32,9	11	4	4,8
6	ЗИЛ-433362 МКМ-2 (Б)	2900	33,3	15	4	4,8
7	КО-401(Б)	2500	32,9	11	4	4
8	КО-413(Б)	2800	26,2	12	4	4,8
9	КО-413(Д)	2800	15,8	12	7	3,8
10	КО-413(Г)	2800	34,1	13	8	6,3
11	КО-424(Б)	2900	32,1	11	4	4,4
12	КО-431(Б)	3100	33,3	14	7	4,8
13	КО-440(Д)	3000	16,2	15	7	2,2
14	КО-440-1(Б)	3000	26,2	11	4	4,8
15	КО-440-1(Г)	3000	31,4	12	8	5,7
16	КО-440-2(Д)	3050	16,2	12	7	2,2
17	КО-440-2(Г)	3050	33,6	13	8	5,6
18	КО-440-3(Г)	2800	35,4	11	8	5,9
19	КО-440-3(Б)	2800	27,6	13	4	5,1